ObjectMovement
ObjectInfo:	-4.832856:0.005:-4.891372	
ObjectInfo:	-2.02827:0.005:1.0032	
ObjectInfo:	4.776:0.005:4.304155	
ObjectInfo:	3.826923:0.005:-4.4984	
